438816
279485
362898
434958
446971
495989
375801
73172
15588
581033
75402
134937
253449
456521
171241
219294
74135
147314
347663
247976
153231
499141
148373
402795
493294
352061
46372
383826
338342
405842
212450
387976
241911
452279
286544
404302
376545
279948
390675
55512
238860
121849
187352
233456
438081
167347
69314
553176
270338
92910
179418
218678
456578
397729
268835
369461
71138
182416
459355
357930
388508
550365
364853
189750
384038
211406
340039
331852
235832
199152
126264
212080
283524
434767
401512
410522
578131
43795
566746
331196
565570
318543
75768
320106
84422
243029
447602
514173
179479
161635
63804
7298
377450
505728
517417
316281
409784
341712
258399
148146
512292
481036
120333
281646
140696
449760
158143
234941
170779
165267
47550
11238
51372
162558
500954
20561
93971
260957
340148
181867
173252
170048
567494
268987
251804
226917
214899
565040
119555
496287
478517
481807
371650
431047
240889
424548
239445
233623
291257
477774
155930
23038
49866
244279
480470
281850
154329
538581
41826
159731
228098
517049
544701
545072
111140
486650
542183
266922
453002
355168
100985
480411
325055
22275
512295
189020
10624
290460
14938
145824
374391
335009
571364
280764
361685
571750
413377
55126
327418
175870
570628
477982
578663
489121
88412
259408
149357
222628
441471
248518
4441
536374
160858
550147
417834
148727
104977
166889
232819
336812
51899
261068
113123
497466
578924
184827
294182
288421
100482
529954
346049
377509
27037
576449
514559
320428
496255
401024
517472
350513
297509
225530
468337
539259
529159
264948
403500
446461
99179
461130
125694
262495
170754
490683
532877
461255
504733
233224
149233
136664
13148
491689
338838
253770
288416
8238
144250
220284
71434
330614
57461
264244
255338
198604
341286
81188
232822
448113
154062
397211
535685
472327
404943
24958
479054
445397
282339
495311
217224
275685
46023
193931
188599
579623
426642
541727
400117
292649
279169
167369
262207
292042
214985
129707
333630
400737
105668
486070
470549
363126
488514
313186
52193
435479
374374
216050
513461
174758
73174
37646
210761
152431
449959
150955
39080
192806
301225
457877
101948
304758
551701
254703
403306
515066
1431
276151
566547
272048
211205
214727
340209
265253
80311
515065
352805
544933
158412
240500
209428
408364
454916
321382
318168
160101
93191
371153
463284
406550
518025
396213
501429
284002
171539
230044
105590
294426
286018
493231
502379
350157
278238
37032
323728
35707
183329
411513
528157
340181
216021
340758
180480
59679
463354
297880
349750
365320
7673
422956
3782
438894
355776
247421
452060
530650
156824
218842
451651
566543
297724
336793
247587
309956
580753
157592
28097
448803
205313
404992
23949
168173
74166
482894
225383
155705
14629
95752
45770
483049
144345
363107
207317
543795
403305
460715
456554
460711
163828
418354
105582
16318
94268
293986
93176
342666
460364
294621
72927
376843
525184
114249
575110
270759
52314
436544
437302
356702
250565
381257
364293
513873
63881
116389
129565
310150
210344
396868
77805
140416
550093
476493
494555
497498
55517
322103
430686
60431
287216
123038
353740
42516
214193
398140
338319
49502
289367
98717
317934
98619
413634
408289
303227
81589
175606
181564
39113
283451
214623
231037
324663
144961
927
354827
73885
114079
94631
293587
274286
465529
56592
157862
16064
239915
142321
502126
54173
247206
147980
22102
187287
572358
565139
234900
105767
177726
23639
499155
557323
56048
97053
250051
122073
384402
205374
263834
341592
299859
49065
265701
45600
79084
574812
429048
408681
273841
70490
56506
671
408491
91110
521218
330696
326332
331083
504790
372182
303264
309948
145685
554952
114745
150981
368980
329640
242583
315640
489939
299920
121897
549797
437944
367823
57794
315964
277237
233399
409510
236068
252846
365340
286259
549297
332221
555133
122839
471529
314685
538187
423776
222260
301109
82225
197807
499952
326555
152403
233902
456216
43968
520918
92684
91544
456390
69252
523274
266151
114801
420878
444566
264324
51046
209084
17376
248403
551858
252801
351726
241329
71735
356263
51522
184224
382109
543831
321877
243526
177375
89788
576063
71667
143636
210845
24133
95249
160899
445233
241638
299794
389280
554301
352623
28994
452348
354507
168141
233833
220148
282658
265135
223020
27395
326966
241541
210189
478841
21686
224155
96539
443180
565986
170125
354539
140332
454359
346997
313923
429159
514366
538859
473691
219335
322482
527270
192787
473499
488500
205636
333164
578227
93644
285661
473754
132719
515300
518034
450647
564639
253121
303056
96222
95251
528161
348922
321363
413374
512634
368656
272323
561724
119773
430691
449071
12382
402177
36563
312299
193340
137564
60457
334364
135480
42492
559645
345168
82551
134007
57306
343062
133766
409091
241340
531696
527718
412325
431052
139230
337662
156416
302116
452050
274352
529952
509783
261863
338515
228664
159957
117114
453231
378502
357235
545929
171371
320053
446234
39082
101597
463299
93826
225835
388933
37931
508339
378458
352427
80714
87513
560373
73206
240128
516795
147963
260481
374430
52582
96653
581605
410272
305106
365202
367614
560624
516620
107658
215353
580781
383968
76746
443057
221044
225265
302364
399910
146871
195567
69290
164635
477946
126634
425864
327211
323666
542758
11107
222588
502117
498453
358884
10123
539563
531510
2602
211034
314414
106025
552444
1307
560797
334077
153822
330979
486899
291675
534275
349647
278967
239466
47767
342190
451707
177658
329660
81387
69979
236874
490475
268899
365540
371536
342787
330376
388564
123692
171105
376393
574356
214265
141017
457901
51630
417627
493578
154916
250395
128756
318356
342633
336683
544238
139150
299474
146819
301029
398696
363241
394393
401251
202567
314044
431890
546274
542962
190018
521096
235591
462342
111910
53170
144179
534859
415728
570567
59455
509590
102159
359020
259800
348302
83809
207995
308752
897
231719
203876
210149
56872
385896
577076
154576
339051
246753
489109
256145
564636
34354
365069
392426
519168
301514
122093
362999
209917
457147
482252
222324
220239
206431
176257
408746
14990
385299
448124
41568
171210
388486
200717
494594
391735
362008
332205
293386
188956
281782
345136
165643
168259
169334
83808
54427
130093
478899
239988
134829
468012
316704
210241
84013
97672
288753
529411
506356
126301
173146
144467
482858
339384
20178
569363
322848
220988
529806
137387
350167
4527
538270
239671
173553
52952
576816
333383
208594
492067
443177
509129
289033
434510
459208
70935
79591
518785
267732
282431
534627
400907
262884
300758
224292
442224
571174
557732
168332
154204
578459
91857
210501
552630
190041
373239
209667
476731
120380
302396
439506
376907
529539
494113
418229
360898
364567
376939
489733
92543
437522
252136
474721
370512
21968
31537
313278
116149
328654
33773
115636
9003
99966
168371
578226
335441
391933
307866
418315
568208
398305
453483
227337
298017
210957
14795
294348
96564
187502
129551
414204
130225
493811
518321
517625
94334
229357
166297
172255
38266
545493
122818
17526
546097
169204
552646
83818
220232
230263
434765
48165
436619
458147
623
170952
365948
132212
246044
179571
471606
394320
50481
415944
374208
499646
335785
410082
279093
432796
115667
350620
67974
130007
439248
232227
579995
413044
85962
368738
349050
22360
509509
80428
294943
186255
40246
162775
285505
70087
236352
401201
366480
322
413989
452229
175284
204775
204432
446872
361157
306353
123457
450169
463884
313807
452781
73434
247285
97094
324870
565613
118837
249619
138103
203429
196851
140801
342232
238687
262738
214528
22646
344127
405529
255577
530037
169351
536120
344126
347392
576622
295491
405223
486513
541117
334139
64342
310121
285633
491140
447457
456285
486194
61328
230179
236184
471373
166047
484336
85584
143306
184377
512561
75494
115626
495107
578332
540039
572063
502433
26413
285579
147667
272082
233841
280666
121046
117674
49151
115635
513072
58270
468537
227577
440093
554875
404059
48145
260398
351298
341818
463557
164005
457791
75973
268937
256879
17355
232451
168506
322388
429745
380724
81128
227882
90201
269490
437965
282346
430756
383007
285570
513522
150821
136720
160828
569294
515702
74409
277968
144574
553668
52703
360595
494518
499374
96043
40912
121441
105115
344013
162963
361375
35228
279961
325495
306412
18882
371531
119640
59352
577403
64030
247474
95224
107156
67090
413349
156152
299029
317560
186342
401266
12897
243017
32777
17413
354891
523164
60529
43411
417744
281678
167074
52425
236346
425480
187012
115912
135664
350668
11271
82909
139040
366661
209662
198880
363942
551735
85019
59843
94828
512418
425742
198277
534131
416930
208406
356748
426855
413941
562308
172196
310553
11690
157704
279895
301644
519843
183829
11004
143800
144530
146313
2575
169287
143440
444263
468313
501263
270912
76349
579395
781
553985
401759
236432
89921
532457
199764
141923
143559
411768
177064
306803
194312
74656
296847
162573
427377
357365
212584
259853
26775
515485
102862
510571
36361
507471
41020
490523
577351
125464
368368
307057
543220
448606
557832
107105
317061
88287
207437
494592
20925
556039
550449
40468
53150
512211
556637
439817
557562
499552
175189
460222
548029
154452
150358
254138
552273
254127
6664
373373
426076
538182
479008
208479
495454
485129
330719
340535
480161
242400
544926
558405
405365
526172
184974
91841
399875
82255
432397
187473
458935
363432
492198
134606
207046
138265
340081
281214
293319
261240
6041
498943
506631
333831
29573
282380
438628
84383
540203
406215
536370
566173
264076
240545
470915
54955
215984
49904
510365
48531
283728
194277
421228
368885
369038
238887
133654
386239
548451
6935
137371
200064
511279
375021
16814
442223
505213
95789
414338
382174
385196
328548
505792
494637
184065
464895
347437
242854
447714
206356
120007
262967
222313
324527
76882
205035
77864
498114
351850
202571
474024
383397
377666
262545
214123
129604
34597
5247
447736
85298
468018
320336
1436
314880
486172
264853
245920
223373
365958
257821
271490
424303
149863
73588
251195
349090
489186
384328
123849
176938
303342
503557
80426
300403
205253
391463
18841
243156
118278
470073
479379
310013
191961
439463
241717
527791
239586
174601
227713
391343
553285
139094
433078
283203
287029
313047
500694
303815
202653
260729
287084
41252
2466
181714
420912
289797
511689
95025
409120
494014
474869
274079
128106
361394
283874
50178
211948
499408
38426
450081
39768
547080
323930
74302
542160
30349
248789
44358
365363
244520
288180
332355
317367
565194
104602
23446
416188
485106
160938
3197
125978
268711
166163
376817
158183
199876
257099
235269
483368
163903
114353
568689
528906
544629
577875
426238
349099
431943
43170
334184
423202
236148
67792
347203
469124
306439
381664
291898
555294
124723
34795
66825
203836
184667
74599
557888
578484
207454
363593
457011
424404
178746
2244
354921
111325
69668
312686
131215
564386
304095
526654
16458
498134
343153
563194
407113
518318
244241
201030
222371
144419
25777
57178
249453
23585
568668
523871
437986
525622
186361
314224
217034
308758
347217
349512
439200
123944
361964
552985
438103
521292
509020
81379
191400
83508
388237
209166
318501
308520
71027
200830
512307
62547
190792
79345
7424
548951
339757
369763
567219
425822
92702
365687
552518
39617
375304
507390
228876
214520
506920
274541
542594
561448
332627
333895
440057
227567
253579
337661
537002
553364
266727
18290
439270
5430
88671
236080
421557
558006
125707
454002
528720
271643
164698
489762
21647
480641
504620
14261
151655
276057
314204
405166
502214
459763
542260
163759
201736
458175
467437
54001
182620
62455
467875
357860
182902
570085
356849
564265
90341
232433
340998
368242
233786
539596
553455
237344
310364
58627
335590
56865
578570
283125
490087
90615
441263
524366
285911
207992
254743
109522
251436
305282
269273
394113
225533
518769
229352
568132
283761
497393
335111
155191
402454
447253
83599
15826
15902
140785
156630
419467
403358
12614
416357
513618
420922
104588
166310
295716
529389
485440
235876
257392
533955
65953
260627
382383
48489
154496
487007
34993
442356
490259
569332
175669
276420
3000
262746
298065
284950
37519
65594
75713
126755
354342
524623
382855
357291
524557
541202
411908
227723
252962
478418
236516
141163
226294
22626
269015
264502
300537
236228
362884
498449
252558
29937
341676
378831
451018
401552
97036
206486
143789
416655
232950
55434
580052
89741
250599
547300
33593
35352
242900
317514
4578
252745
353898
163710
208779
230996
349919
254212
139973
137042
401167
380252
83386
561311
370229
390969
447208
49048
26321
469085
467902
323889
556341
550521
254917
84801
395382
208646
165133
406810
100652
470472
483033
499682
27792
209701
251454
98284
516416
314019
481168
253408
539862
415943
312090
131979
540174
332166
417983
155125
281008
107262
288018
142481
366933
147076
527196
104079
389345
59947
373075
49901
534000
471004
293524
511117
331588
403885
508382
438287
449731
508811
401515
50179
55637
436521
88165
257575
418134
43073
223874
227059
4309
434208
445933
318840
267688
329932
38122
531937
299601
70508
512827
455210
165654
202843
233904
62549
106123
442478
569862
296567
455799
443243
398798
16210
400925
60532
515821
50352
560561
484875
382032
412338
578307
166370
443820
86803
455073
225113
186157
328023
227909
447109
282901
351004
574213
461019
545651
34691
188009
263700
173948
122189
538858
412062
42834
141874
348670
497002
536145
109277
37695
167057
279407
569452
345125
79151
365325
144906
510866
132953
400080
420579
484145
95341
576526
356374
327073
564572
520701
359149
511294
16314
516297
79701
45864
363057
27622
364745
53184
32674
420231
360069
577118
79213
235147
170506
9608
456725
45475
398882
404471
324419
366961
576857
367357
273898
414852
457054
434161
413713
117121
401842
406509
423966
52871
35150
373278
134918
189345
64474
127880
198289
286081
570781
114880
278549
250594
425062
327805
465101
543521
173138
98820
357132
395965
256983
577240
580388
311378
510636
223761
182947
25539
329254
86745
242426
404285
331998
194013
21215
385322
186526
196035
303578
192277
74183
21310
55395
184520
365873
301397
291410
226376
26027
98182
77553
350640
202738
429063
404367
549216
148983
6749
277013
296614
442214
243891
325907
485771
205000
276283
196773
258395
43739
316102
483705
47686
167169
289323
529613
59024
523834
513600
239791
124243
434370
371534
127076
357383
336967
84610
556018
2693
127924
81853
15302
392659
441240
471572
168833
521752
300383
392183
342639
13867
581354
23723
417315
236823
37666
346812
31612
193647
422982
180869
178438
488862
371702
437797
134278
274270
558584
110138
129108
446812
495376
335815
191643
420244
160102
475766
284097
375016
498658
471175
130099
48034
553330
248150
25174
208786
470014
325956
304696
260630
194346
502678
140088
272678
24808
14575
279401
540577
68786
30340
493918
144079
551713
533529
56006
437099
497640
470467
521602
511780
438145
53929
434930
445879
1580
49357
134490
469119
38721
321594
63953
334803
225153
220382
472160
176157
295408
313249
236661
313922
6579
390941
84498
32149
143666
324504
529917
15546
194372
177349
368577
29151
131494
324952
64392
425325
98047
200613
325239
337207
303599
137579
416933
259348
294309
393874
11075
262242
575227
154478
350339
497760
397929
471837
230436
253986
531784
119458
94271
318733
367934
27224
564316
281012
174838
243780
157371
287474
411484
338214
137849
396871
298917
569774
22149
408139
4020
270984
298315
71229
431432
400622
475883
412657
455393
155194
336766
97431
5073
62198
508244
489778
463596
122469
102143
370609
77222
425862
66230
265050
327123
528563
270609
459566
108620
123172
157708
146627
575627
550476
60077
228013
546987
180281
274760
451324
446209
437651
161033
371164
252038
126512
270706
41687
148101
530832
106314
55318
542514
412734
335834
513574
297451
398505
260025
127994
493174
570741
438331
478723
371361
422067
309638
106793
416660
156084
134754
553189
577869
135733
509483
355620
256533
436538
373893
424632
457292
135163
124620
241723
220372
534070
300568
147105
278938
560804
549804
519850
511562
94453
301417
345849
438723
10176
162021
134772
181584
31017
466196
152326
297370
134575
293311
315555
575574
219966
431738
70952
296700
161280
59622
97540
532711
19755
562174
470750
549044
32918
23176
246053
136672
71244
140487
27888
270333
437609
428816
335131
430577
392957
418492
149458
198993
273279
251317
81827
89099
87151
468603
58141
381967
536605
359707
18605
376829
447645
79512
92678
388037
356562
143713
86448
165607
287550
537924
145684
260440
253967
561013
361038
99599
6531
274870
526290
54664
285727
181367
462006
496109
367164
562807
491426
271689
185830
378482
315899
282045
295782
20046
261843
553869
277433
7050
494954
505979
175615
402977
557114
126340
283187
480433
576082
383622
336171
246782
64241
80480
84546
391966
243569
477567
170558
94936
361700
384888
318476
489372
310890
574964
489463
404292
365525
238528
452694
412687
209246
517702
447863
267076
524601
251365
333436
574506
371427
375143
412908
551327
450902
105545
486910
246066
436539
481214
176793
137304
80472
447037
343821
320660
438060
201190
305873
44312
129689
195829
428518
528525
423613
369979
138567
355197
433830
140860
147543
230982
19313
189136
258688
555833
135126
131961
6407
493448
15908
80044
369561
307831
403693
100111
76431
447762
360735
453299
425415
261702
519351
185781
280022
264846
123558
353505
63662
520769
387048
310674
429746
79459
351588
299544
34454
128514
351287
234500
12543
290498
569550
152614
166255
439527
391474
517882
451154
365013
455776
331023
473373
455328
246124
183280
575060
281541
174026
18464
581227
350231
72538
146510
174794
23587
93175
408067
468792
367732
241
376236
555263
268059
30109
525170
346175
426031
445425
2839
213827
486079
167375
544294
51045
388989
254711
324962
303370
534318
406873
462845
537878
93090
111812
106575
397101
62297
72770
484355
381788
117466
283269
37149
488072
71021
411840
230701
328810
322255
209868
103612
502553
258327
125125
575349
243307
274314
23935
188482
353344
457074
576653
254025
345578
543697
17432
67084
529632
47734
62617
506659
328270
426343
547777
94952
423091
349466
173157
52986
241421
182406
363576
488149
538913
498856
118069
32984
309618
259000
463771
28671
336607
254632
142357
379944
335231
520204
564745
509049
186038
65604
25654
96723
506988
196016
205334
554651
301993
210857
195850
65488
139353
384049
75999
181017
462124
157714
454543
71495
208357
298906
250162
314298
490735
507460
188613
574829
187833
352462
398017
70339
59207
265990
344507
500005
306343
48270
473839
239327
103839
73897
206280
325696
550396
50263
15257
367280
299560
321476
265176
483856
112182
474
547448
475271
283240
347697
249730
475658
183806
134964
80172
144580
457888
303471
381403
498638
286813
244815
280823
570477
385115
46818
92738
110156
488297
171648
364341
143777
139380
125321
407651
180131
249838
285588
171194
100581
305923
260500
95493
496239
146951
185127
212843
315018
469495
389458
174876
27267
536920
119308
535517
460059
168713
546029
209904
365282
442097
433081
282329
310903
210816
133876
35738
337541
159993
374248
510424
535042
344633
74037
282847
63482
497821
327586
432233
367310
293802
502281
272034
172952
487450
136841
226119
358291
71596
32544
41174
297141
292549
483788
553074
456439
532787
150361
356330
47654
312046
60010
478525
118642
2525
67785
375150
224220
385341
148938
544312
194790
263212
305227
480412
479723
536241
336369
440527
252403
454457
190760
63698
343090
123244
538965
456639
401553
413225
180494
432818
118612
349527
290658
485090
388341
482160
433441
445620
58465
217593
98830
469768
262229
153938
55135
37945
543042
556216
173632
532635
491981
173196
11181
132386
115950
188965
155954
543520
101348
557829
564339
571644
242432
64824
323804
395766
527267
475158
113561
151756
272444
360739
356809
252375
507996
99875
525933
522992
251165
294199
440032
534734
180682
273190
357461
105605
451463
17308
138838
198768
223295
187098
23998
410283
191690
256222
86243
437184
248235
168287
207969
244416
113970
413056
32300
377252
9846
157026
116147
552990
346095
456012
398992
70827
74325
512625
389256
193895
165792
498986
324160
362758
313770
72549
244834
558840
91681
478257
41616
311904
371309
348907
396257
363333
425964
4876
385540
192722
217009
452930
221864
27221
211622
390914
539737
341219
84845
1360
301491
80016
488977
300197
499102
570458
29875
163713
233888
346956
42760
563743
72235
59997
286349
242716
39406
568389
338064
548039
459400
448531
513292
290734
414647
205955
499705
324924
77752
548702
321169
254177
394322
164081
253907
17839
89158
495064
547089
25353
573819
560555
363902
307125
52897
64827
237923
32689
488127
246474
45672
326504
249455
567713
226597
306009
124924
544692
104393
187443
78583
200671
328812
68864
578501
262353
173161
26166
151781
107239
530690
130017
460097
290698
467113
278078
111817
360279
14769
65957
24689
467145
6572
403427
450878
54452
567797
450524
428142
557461
130501
497642
296170
511249
40998
345914
328581
299116
544001
574357
461114
287870
544122
474404
358744
368855
581736
302250
58647
401310
104098
266600
48204
201114
116882
165658
164040
398083
240339
387368
88109
323303
315476
551438
418173
357533
227370
67761
580849
141860
207178
220042
538993
534976
156543
345507
9895
247807
74369
489799
90255
429688
334529
460010
4772
142866
16959
28367
363605
197212
363202
559171
564448
282473
294416
537397
434992
267048
49648
533957
300357
35552
219964
355975
176730
364691
484504
62251
227012
170464
354616
399054
115719
27424
438896
67117
248603
125351
248242
180357
317832
525944
44625
148963
500100
25167
453562
135846
75637
149923
478224
109278
136663
138200
22265
352497
87920
514416
247141
329687
165050
269920
233116
20651
408989
186368
494285
29241
433993
341143
341017
394404
571038
434357
212927
490168
575931
538523
468456
490897
397522
189845
291349
469919
402902
48937
537316
129862
510616
266250
240762
300876
226190
132219
178592
125718
12953
508119
435009
538872
409825
482588
149780
26405
135281
244675
547859
546444
114920
348474
196313
405021
432255
25293
478475
557990
317188
160542
65087
306833
243825
378670
397575
10779
248830
454181
455554
330223
297811
99211
440769
169172
408146
7049
308223
24849
11401
129753
399148
116562
390908
163197
110488
207010
147772
12440
237677
158466
376859
131942
406062
259366
107428
280392
210060
89898
49408
207354
173634
128008
377160
59012
566651
63140
558234
213032
564142
431439
481479
300510
156504
309706
296754
130406
433029
499210
32611
517318
488934
368346
37783
349559
313847
122388
500814
424172
389
168774
496334
243657
578974
555170
256385
124647
160516
465963
469701
455956
213003
553849
228647
269913
30431
216761
369961
528912
501260
20111
82984
558018
281267
573750
430867
76146
305899
299779
191305
319908
267834
28988
74127
69733
397390
500271
398164
335534
143490
167348
48308
279226
177572
112582
84731
53360
130534
264309
75924
310029
347455
95321
403592
182625
325115
34570
561156
237561
519404
552237
454683
363645
369838
493612
543657
343148
10678
433907
113945
282234
483008
455672
286656
187007
40534
452619
225535
233004
548836
154685
554742
204940
235090
283891
534297
349905
207349
220046
562325
420398
456399
422274
118169
361769
164572
9542
563257
570760
266889
476269
140092
354237
52086
329498
319822
492297
166060
224711
351888
334549
158821
61182
467246
426421
50246
514213
31532
448303
103042
528587
485077
3761
102667
509227
197951
519905
219978
77400
468428
211485
266041
254004
315218
378638
282566
512509
492846
537689
96208
102910
468836
383137
334416
558702
457194
555898
119939
556542
437872
157016
226571
203631
247259
494854
195195
581009
153677
50597
47213
61852
357549
187709
578572
392687
460837
187090
332925
135113
70566
134543
20962
184218
54905
268909
415946
247723
550237
5021
331134
118743
30958
532437
487378
396691
508167
282231
172553
46189
284542
480472
199829
369726
74176
233319
64314
95383
300169
374068
222097
142439
470487
85110
343009
265374
337488
290866
322987
92198
250991
105633
564294
350874
307897
72075
496058
564240
101960
491229
373750
112959
78263
278350
41818
518685
34777
515710
72790
70256
329841
20774
278096
478906
251496
365434
46743
157948
208283
502570
237282
169514
262707
389207
4442
270596
82666
331746
178198
181133
19766
316807
527868
198782
472630
407974
498175
539844
480487
484108
252010
281790
248935
537579
89580
370331
140743
77394
579576
450840
22953
280036
447448
283868
85048
88609
260059
8603
441103
450897
402143
464810
547607
221328
55668
556453
421108
128127
168022
361763
31187
138100
547246
213135
455639
471210
288204
141710
198959
434486
65334
271167
517889
5424
343881
544561
537621
285699
297851
340494
73503
12547
468121
86317
366274
251277
340602
499425
376796
124013
394658
314174
517911
91326
85921
546229
581277
224230
536154
260036
337619
224503
497819
398834
78738
387109
569567
31061
551015
345882
432429
48340
290948
184020
231395
223928
204059
411341
230175
447557
19184
337164
165419
358300
207051
97130
99252
167908
532276
72155
568454
253969
540828
455123
154861
227652
294083
385577
500179
371241
384617
344353
307114
106820
153620
259703
39778
554886
332176
233991
314694
17534
448423
220917
171239
488413
200550
460346
227474
296690
253959
131490
106641
316022
34207
22964
506979
252113
463304
149682
337366
320785
31390
36086
235351
102080
208256
315339
460514
452761
187714
420113
209007
175558
55410
135210
242605
227485
532625
462737
450649
214571
436333
251794
528994
128599
187582
242213
429806
256672
520349
498015
147780
327165
67236
258772
499763
302003
334609
127560
461620
217154
98098
468297
34409
30973
286981
260482
3178
548362
298350
87604
91310
264572
32609
411557
528966
196853
203599
477243
250833
520519
382954
499051
123411
411226
300408
457861
392607
184621
162031
36101
139526
246029
550726
490620
72626
62029
194000
87655
454225
548768
378126
2907
465323
550674
505391
406244
179039
42429
496799
7524
169086
50507
255889
196841
477415
33157
120519
428039
250629
147347
42201
205505
368918
339358
149424
575652
255634
20253
38753
412195
304921
110187
385283
517026
85747
220076
516988
548167
71024
228160
246959
383890
208135
124327
32068
514186
495985
570255
359066
522309
91045
107701
354575
430346
82147
57753
214252
183387
366748
79356
33861
336493
575922
388997
192090
87382
144243
559364
426232
102471
550760
6996
179024
410535
198492
274934
190566
214121
393905
248879
250744
101390
372580
535770
64611
289813
270406
166173
139068
242984
518390
576431
481428
539793
22696
147488
153624
208476
388980
95267
425044
399294
456936
544884
497028
220485
564304
331592
238245
131612
77136
226632
133030
416973
138728
72118
473103
542832
428248
71006
391603
245835
50511
42680
25902
182728
406121
575273
535655
9935
436632
127986
245315
570188
132328
165341
132527
98881
501624
402632
70787
485789
347167
460575
549841
141634
101814
182339
563447
172913
409262
3770
456565
281743
116286
54642
4180
166764
216763
133594
4490
509915
261587
114786
465412
447124
502262
577819
4502
562463
144373
522413
435823
564820
264884
327262
105877
253906
460343
517967
492138
321070
276696
252244
481137
288733
121358
376109
481144
20161
273789
540342
449485
244484
359823
510182
82220
186026
436221
410245
261239
431824
167610
129462
340508
89087
231941
469464
118846
403718
23420
218721
265051
480180
33643
332038
137072
188920
16590
142431
322937
371412
471182
228463
139994
44298
262119
477077
354335
248052
556638
494617
360811
371143
33752
288729
98141
54759
336079
163985
352155
142587
475576
382357
123298
129860
339058
379672
515123
184924
336049
192953
344566
184800
143900
210271
439386
221840
201634
347483
189402
473642
433041
161940
51302
323264
206956
303731
350081
203239
570407
457168
356535
148085
171126
306972
215652
527183
363146
364359
570579
285826
131277
523220
149366
527181
311254
527623
160837
392087
323327
451703
547487
24520
376263
164659
9557
367471
306755
273855
383324
258734
56405
102090
347848
96303
428035
115521
79503
48870
41658
85905
423647
432754
301651
559550
465466
96030
109139
8443
309364
246318
56845
213465
551299
74051
54442
290967
259761
533860
439339
119337
314247
259338
572210
354242
419681
256550
466822
272479
453680
328814
542443
442348
226020
426079
285558
412756
416202
456500
356827
120230
455675
285571
484313
577866
546832
429289
386424
524476
481821
501898
42375
552973
190684
33555
407596
108708
221881
407225
399317
26367
94926
18728
354557
488634
212116
51110
501820
223741
60043
188001
190255
67271
320370
24097
182257
129879
560598
383197
372198
299122
424837
250848
254925
138075
448843
185639
462445
449879
397809
442926
261931
488753
20935
56644
559380
30238
64236
412788
175370
540057
436317
290260
237031
11077
478874
579366
318702
204792
107234
122239
119571
79680
113385
259497
272235
75842
200572
377951
160423
324891
347469
243950
89093
300024
363922
578519
508328
560087
47502
174521
248610
116064
306074
428683
197324
235098
151699
220529
442338
568952
386211
398752
539830
156986
246686
73560
322326
480173
342702
109308
264282
172020
230246
545145
411505
33721
110544
543644
55373
419678
302206
306640
293382
343608
330988
60678
416596
518916
380140
102029
214995
512298
212427
416786
474253
167354
68581
499400
33251
562296
252054
155624
387850
327758
236087
348571
83925
161101
23000
329239
503269
278418
153880
506115
214001
166506
13637
534459
539189
467752
358421
157239
460415
441229
562428
433554
219984
392033
120441
34404
422657
36908
496009
494599
324156
169584
40498
296067
153717
86591
34617
290645
291091
168991
203085
496166
317186
207292
449686
353889
226498
66487
166205
209287
45339
350160
105998
207479
30665
118682
192858
98322
344741
426908
515210
565424
360283
37865
426635
34835
46519
53668
249687
547247
48971
222206
512191
244975
436522
411803
261521
514346
25003
42584
185591
405418
289572
579735
83672
576607
211029
509823
519950
52209
251578
551648
27778
66389
146742
300772
34340
575649
215582
532505
342203
495832
114788
471085
148937
153041
372874
232691
204386
446743
545249
346862
61606
193255
97724
133229
271195
525039
330677
159723
371414
386876
369976
221335
557685
252179
138704
176568
517921
556871
284824
216114
384326
438348
14807
216985
274277
439024
407952
332203
515751
497106
276893
395406
361321
112166
372045
304248
232351
385861
428
139781
6107
147392
34377
7149
544518
113095
162041
438432
161157
508872
267311
39125
34039
311007
289833
72769
49128
298312
223640
307970
385150
218599
446880
246322
400613
372604
185303
298493
130280
502852
467151
275494
419689
82135
283937
551868
188657
520892
573179
458232
491244
355660
188866
468061
250576
497674
284964
75339
112160
500657
57645
578770
121557
561203
176263
230503
47458
476843
528517
472329
379613
494959
36351
516624
100669
459265
368460
241129
138488
432169
93120
236919
327421
45138
22656
406147
309071
97656
187624
358982
101354
208566
436183
8176
356476
317805
375881
525439
184499
576047
550089
422755
520289
498418
198936
173772
118167
443453
116696
541351
61814
353968
290224
124291
93400
256766
556512
80316
199438
323917
308796
553413
133470
388740
513214
163350
294908
134297
437282
418770
546342
367891
417616
406895
424147
421205
461870
349530
336991
15645
340459
368219
468284
417832
378373
11856
111649
455435
360399
149571
415435
349282
74722
549539
431200
147506
974
83690
72656
42667
154704
14876
103881
364416
451835
561371
38828
556613
532358
551144
13202
297182
501204
491823
543422
67988
185234
5086
114946
577979
164100
431704
318388
357356
112568
188137
229574
39270
90516
349658
64749
195316
157617
41458
372230
8649
177625
250301
110435
531453
124117
511062
440940
31923
464461
92274
140776
262012
207782
234671
54205
219647
555639
47189
103758
492164
423832
441646
348046
176136
279420
548964
418772
182019
227621
328917
54850
570263
36028
54938
558656
385882
158288
562014
471915
314193
281220
265513
297789
218759
456679
197307
239260
331103
209493
103722
14083
554059
272027
411438
156701
331790
53169
77005
176833
392657
198434
425620
197897
501677
286376
173121
144394
252736
1586
540728
334222
419391
23746
333946
237350
140992
295828
99990
63104
576759
47667
101503
87017
89350
99933
25376
108360
34074
152012
401433
398426
293564
126437
23548
457800
474423
180154
375521
422542
50464
370426
231589
369326
570560
395363
196639
305740
188862
199572
213274
382069
454269
394560
267059
394547
342965
513946
556279
22429
4138
320840
505861
346898
207083
476902
303543
507580
176624
387301
515638
376983
349134
88208
563123
246729
367259
311497
525559
228671
309168
560421
370793
428787
243464
183653
275718
214385
180987
313735
279816
114979
88455
513758
367538
237075
487418
88803
5513
159856
292304
190914
536653
564904
330122
547417
91743
312216
193405
176947
276711
494434
462901
6379
560391
572615
240945
54118
249275
216228
68408
534637
533619
374418
430744
187277
138096
407634
122896
368565
190595
258865
529964
284192
20106
8909
218941
574633
357010
255392
475325
558661
368248
167110
91527
9479
245982
504494
433296
254191
136820
299105
394185
302675
13920
492548
242631
141988
63488
53897
210791
183690
344896
571141
25804
213532
478599
527022
532999
502953
317237
237137
103455
469427
108557
266618
18641
492444
203781
284150
346687
77517
414885
119647
563625
196406
12757
44820
428663
543408
547212
54294
350447
279634
29275
251144
380552
435161
350099
511729
307703
83202
534892
330395
412566
482690
108238
457249
8841
82834
554374
530945
577277
204467
330573
502838
399288
507833
183740
69599
74951
213433
476155
187743
180729
103227
158051
131485
104444
349793
367552
159398
491346
490582
201644
141554
86036
337843
485413
94619
564721
451412
218547
183330
97362
347019
447913
296289
126967
358206
438867
485907
126910
340034
119854
363504
470632
191197
28642
151124
338866
243153
407067
276673
429726
414709
216327
394620
416625
308257
522637
378626
394942
173239
512400
292944
570822
18886
363673
25729
237333
37875
327507
26260
349199
205648
137715
180351
504052
51982
99410
59075
486983
231932
257301
441795
562063
42278
486452
398099
472607
472211
351656
219379
392776
140284
446902
324460
451275
489407
430394
346469
151564
84004
324291
481868
402723
282503
516474
224505
313285
75775
239464
380909
133386
561715
518303
412238
460665
103485
93430
215077
5961
556986
17766
304408
93434
9226
75727
204384
521419
291764
435695
421145
247065
422676
431192
194527
91637
243327
460885
556192
534292
47621
272357
48679
466784
155231
429517
565155
449350
27805
60903
103855
38226
495997
19663
399349
138977
259085
219488
95812
454619
359234
380420
89859
482634
8106
406659
476925
236630
478320
2239
119953
41231
529310
172434
537864
409199
406376
401780
399841
166408
494391
570285
21750
195645
408272
1527
350701
101468
103134
207481
324849
35532
366000
264161
470532
539879
153572
357059
17174
496855
375769
576817
290423
13332
157102
469051
387208
93280
372288
304748
428033
420649
260
2560
534373
84489
341212
344003
309169
196981
263098
16521
381217
512951
273637
362103
367005
286106
339674
352734
182082
560567
181888
552420
476151
403198
489409
529454
109986
278801
309771
297695
377473
497870
275717
24086
25990
5619
106635
98878
483867
516220
91642
38041
408324
48320
528624
501197
424271
484281
577614
347877
28012
476463
410266
204519
533022
254535
451121
130440
291165
539565
8414
90572
457962
494125
100855
295440
321562
190905
493131
391678
211863
464603
565312
229919
344298
285628
185290
131735
142208
353510
15678
22979
408039
537293
333014
226988
14088
399687
437831
59972
448558
188239
42967
513054
87040
319962
177277
427341
125118
172925
430654
177440
164564
233588
188693
37513
23315
467332
225539
44964
71236
540890
131245
507065
423093
319738
311501
213693
433274
125873
128770
207458
16257
240134
6921
484912
509746
20136
139276
360792
217191
246777
97999
188029
168491
471718
487498
491659
432873
240243
487375
229188
521334
211604
574461
191900
91638
456988
258023
220799
287666
486845
305117
341087
534162
346089
400247
330472
217137
142291
578070
115590
156246
132984
152237
252201
358024
86189
288283
426656
458673
394766
533454
298473
265353
28842
562655
166985
554271
100142
212054
212685
461429
372620
286931
84000
519625
306913
106168
520515
176318
289318
94388
533276
418214
407909
376233
432037
213247
131915
456199
525762
524029
67551
306069
276639
360808
134486
520528
508006
82879
67765
52090
15544
92366
286306
424246
439106
143630
336688
7921
548223
28327
434326
380993
297964
315908
466267
450414
541319
50244
357561
100599
9951
550518
420487
492125
476298
106786
542036
559566
192196
3786
439071
369886
33761
515367
178849
138473
102190
46440
261487
117772
445111
39871
210729
538916
163326
300270
34445
101985
352259
354444
68053
290941
361992
466014
549559
359589
27539
578627
110509
533706
203206
159953
135472
237538
430989
426254
245817
160913
497067
205238
579466
231014
44627
569758
539682
500390
524702
220472
378929
259434
185777
328940
316631
559247
175804
403891
540444
421825
16837
105888
410409
148230
161567
480797
166504
251655
159970
180463
553758
7304
216674
168738
251985
462486
479866
97097
217276
236673
18336
278315
450055
530592
368589
25237
318162
574360
414873
383518
23447
91917
460496
254983
481314
487338
282354
552163
547419
509943
553224
114183
536743
413291
521870
285360
217562
13285
510290
448343
278365
64417
424819
200663
442245
389715
336195
61635
298933
415153
135483
255857
347823
525668
221378
51704
140115
33441
366207
501538
14864
530869
139294
500740
6590
361399
60623
370413
103431
40844
427864
481747
298938
90675
140174
475906
466169
548293
145462
168828
513066
122120
312878
459034
495753
427762
79367
123013
30332
467843
497438
4980
48685
301708
132223
559840
444830
359436
332292
447711
174336
556569
84278
251242
159213
31981
580785
546952
518249
386408
359105
337233
496776
541690
87885
32868
77841
566993
25515
336182
105885
272110
548592
351935
75095
284118
515518
228344
168573
223283
349596
67427
11115
416018
216510
545022
437808
510980
145823
41340
546575
211234
191978
519477
297798
430788
166141
469853
42209
390840
15153
65661
216454
529036
165611
391106
488367
321432
394474
575176
530925
291499
480624
288156
167854
553852
149280
42750
237976
492107
18816
273704
276244
526933
199577
393575
502935
327042
200611
377515
566512
3939
377322
478338
444928
104023
403995
255558
357738
238915
533368
165847
143637
295403
448994
247788
62763
288890
580905
225562
453334
98937
459185
106001
493110
6520
67715
364336
112137
99451
388070
455875
147294
466260
419466
171880
84866
196280
500408
514683
80000
368556
536498
144228
346179
102529
153631
563477
366489
105448
414389
262893
136468
191338
549199
191585
9024
557567
177721
539604
342271
299351
178283
496372
523689
571823
205917
499095
536999
105783
15582
200234
575222
190014
146602
71265
248965
370493
396542
569075
359801
415461
286181
345802
189850
411975
514749
514990
270661
444805
507459
185177
301179
543803
294466
262956
275036
145178
322112
367085
506717
50025
189127
324496
461295
53722
170716
510366
209842
19929
329318
327063
291348
331875
274039
281663
253004
347438
351783
453552
151441
28855
527224
521555
251168
513311
445055
12081
92760
467738
470714
75331
172710
560481
110551
235991
468518
186275
44228
246119
102928
121943
119263
73293
463601
184866
568357
581827
577891
20184
89103
573764
188630
563164
210195
499094
346097
568830
32949
360927
517382
554347
549172
339270
178446
486400
566931
60158
43856
569841
245853
46975
292116
247718
541212
358247
403736
91697
577653
143623
563070
282514
346774
47489
289962
222240
89119
79544
409949
202601
178978
59165
247068
127134
510734
132913
28650
173550
381238
319735
155029
284722
463732
90306
207463
502543
430692
563129
566274
136285
168657
167792
126104
103697
14691
381106
452342
478035
190125
578808
489333
308803
276418
48821
440189
468662
505924
21830
132120
311301
332914
407159
472860
158105
530406
41753
402689
502914
372685
349697
28261
524063
239113
143367
429807
86993
461815
73668
215972
290868
198240
33476
2658
168874
397877
407505
261785
147172
117205
48493
144033
16290
31822
219192
102546
42697
137188
342140
448274
547767
145499
203275
453979
269561
196672
370836
91911
332074
235812
147466
380516
356800
414744
458925
5638
89212
427005
205883
537710
473678
321907
137560
539920
401067
403743
325685
433806
138656
66769
288164
503015
68895
549612
455369
309873
228356
114291
360274
515673
257387
179251
117736
492268
398133
290558
308274
555534
232769
541374
218832
415016
231958
494837
484790
135508
33270
175470
459263
395665
211079
363987
83134
64828
354012
545268
401901
24285
280377
548670
9420
305004
132182
352206
200103
20069
514731
328676
356852
445405
298586
96067
101933
119157
156299
53774
77784
335207
489501
326237
22086
126681
236177
29466
196776
113989
455719
459093
375481
90573
517916
276845
531568
167734
563396
373522
157923
385701
488801
398098
339240
327694
496183
201322
145161
63040
211281
26602
84902
25997
317162
447613
565081
276768
107535
201724
40535
429000
129437
49508
471351
175855
33057
237381
114855
235949
443053
395742
150037
536570
13722
100611
126688
578671
437949
370873
515431
553442
495292
114398
517133
179045
439889
70271
560576
436809
501382
330400
273784
163281
458230
232654
284758
79262
267123
280819
352680
252952
12700
230245
536146
558618
299782
327573
377758
430994
479687
302657
249764
396927
526955
165077
467358
134198
490178
517017
225108
139140
565070
289194
194414
32001
541529
177207
390278
261060
154650
547726
416076
26304
162177
18252
195677
456239
236623
323448
249508
4498
65207
147941
63521
281259
127339
525619
534876
151394
11229
32767
506341
412339
75841
343978
518273
347620
333922
412399
279753
9450
573088
299394
240213
3219
452909
386204
246384
412658
354584
337638
252468
446232
156652
114535
241868
32442
40338
65769
533976
364169
221625
333314
321168
396137
218749
222463
533123
180968
336341
365657
65415
572179
559267
27476
385280
199404
211491
188510
261458
566756
346275
109791
257046
111241
277764
335712
99099
326367
377949
216150
458664
1960
363102
443347
287833
447146
117454
119087
509054
473042
407617
265158
445522
412151
569353
235644
250400
567357
492639
404139
17776
256608
160607
479938
161121
67248
363048
327089
397526
204091
202747
234554
395225
346521
116804
391361
293891
540469
446034
79338
91849
9469
318496
539453
113037
201431
86117
378621
147187
162452
493279
129056
549622
47519
250506
469301
145408
353653
129512
64481
51735
213054
27389
239803
482801
10358
429144
228320
314392
357904
288599
88899
247808
233483
578805
566488
270407
338
457371
21280
200348
44580
560934
357895
328571
501381
201213
444651
83972
72986
52123
130287
88214
496509
139595
487539
573647
444272
578197
430054
487994
554625
271250
316595
440726
291962
454917
327110
450700
293271
470663
70240
263974
118186
524649
420400
97729
180139
91666
465181
233437
338840
257297
31514
557586
96946
60568
399138
120544
575280
233315
391891
524189
423932
536437
205230
567877
159609
292730
441663
549471
364815
554566
400828
222036
37728
160420
227487
384089
173340
111224
117471
522416
502564
321318
502823
77377
71441
69965
510399
389777
398863
272489
26105
560978
432216
123842
122527
322604
15778
534751
432444
373465
162780
328855
496687
569314
425066
365996
166599
201939
136701
71302
519744
456190
565518
387058
158186
565595
360851
511550
333157
192464
528575
484331
394892
467589
115080
20487
15559
136908
547979
11129
90778
283263
122631
60285
465017
565876
52902
560542
494622
434527
271929
557556
181316
137808
28595
254332
382881
392878
289492
250922
526085
41899
5644
438071
273246
2225
531645
572326
453137
335348
130240
546160
92953
496932
114458
138436
355156
276972
176785
59736
358581
473204
396972
170193
158420
217188
348074
69458
53729
179095
262116
204103
381626
355477
520614
337994
234986
75174
384573
113559
103383
12192
286001
352211
80341
376701
208053
515241
43657
558294
274250
362360
184157
371135
336027
415497
138387
564349
331186
309316
224377
400953
416516
78490
16297
401197
296882
334751
404530
484354
33672
426712
207548
462401
57542
522362
256884
522971
405931
159948
527666
165064
466197
175540
197219
455079
76608
402283
439902
404607
109117
50878
407042
179374
536791
120511
447243
308687
430950
265167
344996
537986
319905
322695
44782
289460
518761
318845
302767
30274
220226
193401
64578
404114
265833
101656
86790
423715
60182
539098
36447
58708
175015
239047
441168
136734
38666
132591
121174
368969
528345
151927
357242
14698
453792
202767
563535
508878
196430
269090
56119
389480
374896
41413
117310
444800
555669
509826
489818
491989
202805
189566
218580
466533
11227
328371
89210
301965
220605
340317
294223
536649
519755
32954
550117
60828
267266
517135
441840
475415
486125
159436
256366
530745
300881
499143
322595
179914
324591
258761
525790
516488
288884
354559
326801
559522
549435
2498
200814
182236
510827
283118
475185
398493
241747
380455
318245
496657
435011
236397
413950
479808
215428
50028
392382
414934
91545
515729
255592
408484
80180
246009
524059
376315
9797
410627
180389
44668
27157
68153
449104
549239
369653
320902
103315
399415
529308
362281
349021
470012
302552
335696
341696
198323
525373
54738
24026
573686
263202
52847
451680
316703
68532
330094
418717
229381
577759
18501
126203
37003
278168
480820
152578
12839
59015
56656
277326
240490
492079
1237
172425
26375
376750
349663
289444
210549
489802
67532
493699
30699
275393
10825
73824
211677
175831
542771
121754
426390
547672
430518
573640
436676
525980
504304
553154
424553
381533
316075
487575
224244
424991
137886
150797
291825
196747
407602
29706
21151
141509
574277
556862
79396
429905
203096
134033
38477
484528
316014
391394
215618
175391
347482
321852
147101
502827
234203
343954
14070
430624
75754
483378
323203
181475
262275
341902
4246
260932
540326
350717
562150
350280
549423
291752
7129
544351
219629
69805
148785
533506
507671
167598
99313
489453
392511
245116
372362
22341
137220
520831
207670
310457
458336
257928
393971
416535
572561
88999
73139
534173
369941
211370
519172
260969
559470
70321
300538
88640
362591
24794
55221
570538
183481
174028
292901
283055
463055
356116
279256
506838
298692
343157
441772
355562
187435
332407
483757
534887
391213
48150
381925
33500
540317
513765
566049
99065
461908
156043
294942
158786
78642
249822
140007
502395
111967
306974
24247
54995
236176
430061
455677
240543
527291
463211
572756
283012
471913
301251
205564
32134
561950
132836
345399
435377
426165
552272
516813
58070
81294
279674
128602
220050
258205
420304
480311
457882
385320
306670
490441
521797
277386
192992
401132
153971
377213
203416
35643
491017
371282
258336
273276
480536
526522
363786
22658
89355
564677
64941
256230
468129
29727
493732
451063
542084
44670
38370
30712
455252
324036
3008
272143
306716
576530
226701
81476
373305
363399
383828
217080
328596
159662
351868
580778
372980
404495
120541
147386
479620
580542
249515
462466
349958
95051
252925
82969
69544
451345
295329
518517
204837
476341
183585
461509
89112
84829
224166
193863
283279
115305
261576
243434
434580
230096
343860
292140
332609
452488
279149
180436
432062
363940
37343
431817
100050
373034
65587
121351
519565
342374
386764
366753
10785
300738
23893
490931
412762
342204
115251
563839
232770
343753
273716
248033
432806
260238
114940
473131
372136
8063
141121
140983
295343
426443
360182
439756
572089
526940
431952
517399
350463
326601
27969
330575
178410
457538
270586
308856
493072
420349
453519
172062
391252
53550
449089
529490
146254
417590
570013
65206
495055
414422
214605
124101
388858
239772
342946
194700
99422
76680
516738
450168
211540
12979
165388
486906
376420
136145
273155
564879
580120
330652
560367
134290
402862
520637
419453
379180
222681
462750
138670
538537
89922
464150
489622
383401
452004
578841
4139
579716
16359
442094
325863
232993
155253
485564
397777
442487
341448
492065
458085
47778
215755
561054
520114
161262
501269
277990
408103
527054
371879
313787
543057
484100
544140
311310
218234
70156
533079
83873
381856
484150
188804
231712
125341
396354
406767
118256
300137
105200
137173
28194
474598
197635
567870
19036
338651
311273
240481
349744
544026
343407
114674
216449
251938
112269
507749
42860
301998
55903
175188
8042
496407
258505
237241
78495
222926
558242
26488
214871
336469
440984
41110
246735
528020
495568
128539
129439
440339
556599
425069
364953
346637
233642
235017
121989
280909
393845
574739
319031
253251
30289
512869
86524
578523
197225
211775
148217
389729
149755
224178
526312
328179
488395
514030
317131
50620
153570
104943
236884
563302
467477
577928
303926
189855
576820
206400
429357
557343
316490
304054
39335
558826
90125
230561
392010
285600
377159
26053
117821
114790
428263
18224
56306
103499
345701
482889
111694
133940
485267
487003
565858
465854
426791
288528
487282
361437
479593
344582
40342
200605
570474
502581
220504
401828
510656
314288
197350
202115
89589
199403
496486
234297
253945
128998
455473
27907
295575
215280
70788
134362
86292
341041
334715
231379
333704
425628
429717
304305
275938
453787
369667
528425
545550
489719
562073
205963
380859
108101
194154
133327
34180
563424
357096
406917
536390
319346
150512
244424
143158
155883
545390
400010
251508
372678
405721
486738
128450
561547
93298
168978
340934
194532
50158
499191
132294
121565
515899
48143
511271
437465
487696
229653
559995
24730
121381
363363
109513
221562
23743
518200
335013
572587
258954
183964
170130
375809
334837
356066
243472
538454
379578
338281
439779
69578
473762
255226
330025
492084
208274
98590
165353
243725
1390
343394
437806
566591
232511
355629
560715
47125
311327
54335
134558
57264
389453
89367
391999
415935
214191
451511
23405
228206
288683
173631
346140
201664
239591
218569
23988
558426
363114
120006
384160
104166
37671
390797
557527
557490
527216
212558
263052
383733
270738
421320
565091
347328
242453
236650
291260
120428
539247
286132
106338
573142
487061
26734
195002
27417
365739
366688
17586
119834
524799
304361
389295
232245
245683
464214
212704
116088
374211
100902
57772
506011
86372
19240
260639
517485
9317
55569
279929
485777
119815
22652
37354
107495
552510
286723
439650
38431
410916
126727
221794
128093
233124
31482
159521
227852
195870
210991
51443
330053
418384
205613
259465
257625
455366
271280
102166
255326
115060
365289
126098
199460
349483
519588
116466
88514
488408
233187
532083
164680
104999
163999
380325
189193
418028
549407
452113
93329
513188
577858
322654
375759
491
77891
111842
419697
563628
25864
457427
91289
572467
351176
190796
159828
370963
502644
120162
338880
22680
7072
350639
365273
357668
32524
390350
402206
452878
199794
49095
10743
146053
178984
339307
155806
147134
538588
378204
438413
239243
577399
579051
578255
438762
97040
575980
570175
423858
26655
93620
105685
353366
203021
354241
24625
531441
106046
27490
59960
531020
259216
383705
110209
239436
385598
529887
556207
329592
353994
439546
77155
259170
322843
75607
187821
140542
478812
510813
567301
102349
242472
128963
369701
94350
376891
254512
567276
67218
553633
230597
108154
470647
199177
53546
221202
170960
580257
487898
55981
116402
551159
541174
413391
388926
523953
352360
124397
250313
234416
53740
186344
284910
198234
107990
285534
370917
288654
224020
165638
428973
233526
331523
563584
505862
96712
523412
352703
103579
61966
84060
551869
497444
221554
480576
443592
318132
133490
248251
305686
395933
445091
472740
477162
450597
379018
213477
115275
477069
291501
152309
324262
393251
28230
410366
483643
486807
8119
218284
563697
543263
296460
457003
545670
446536
50975
243873
308670
527828
394627
238402
446723
410739
89044
362446
558070
432884
484639
113975
118034
247072
571158
491107
58482
475844
401962
221547
247720
19090
291048
113211
211444
407963
8483
326048
79397
346407
294712
112250
510955
409345
299498
116312
90864
122731
373259
314462
124834
352937
399384
71361
191314
466243
346084
373645
474319
42810
164128
128750
94618
5325
492215
415533
41345
255849
145139
286089
74945
87610
448267
501995
226959
194299
485954
51054
208612
146675
11624
263418
345884
325840
398174
478809
141947
93771
555909
454928
116982
489263
66096
406491
215462
552247
345847
353835
296233
124364
116861
348580
50562
257339
148276
241373
356108
527264
52267
279984
444304
292463
523314
454796
115796
434047
166848
220463
509149
260181
15140
413510
517612
492096
250383
312841
422466
44347
351322
391620
559102
222251
528938
306820
336044
439974
17356
298868
306988
531396
492478
309859
210000
512479
56848
305291
343393
379732
153204
261940
363848
467182
362166
191613
469893
527486
310203
159649
530635
267690
343264
341430
139248
215033
483446
561947
19501
340983
221487
29328
534456
156192
510977
532055
408903
332625
481306
268428
401948
452500
377983
452963
416978
114661
116803
145911
354309
489103
113142
196378
51181
32812
339965
508053
341348
252929
39718
558457
442808
240695
134518
209113
151192
482002
331370
506073
399628
538735
16468
51210
275956
198426
66514
26746
421400
225769
457734
203112
501758
115345
409708
207094
62392
244713
281970
369986
423389
369204
356752
512182
235189
216502
514089
116354
37012
143958
337177
52036
423977
572147
18270
172501
409603
561361
107389
279138
242189
29457
579663
174229
219164
368041
547457
242739
74150
225087
318147
35880
287399
397525
383958
201209
161328
133937
348157
56651
422593
260145
511455
515574
356791
304578
207152
513087
191505
353593
515742
460458
444887
403982
275760
246553
99803
55874
369213
212198
519685
8979
276798
515895
20376
567566
38532
154337
305687
436453
447062
519929
435598
347340
262391
318967
451003
211425
554169
354546
358113
280062
429042
545353
381244
281650
63566
153455
426807
327665
149237
192866
1180
469667
421514
315025
139856
101485
419190
294795
467461
42818
468043
509913
508954
138114
244844
24073
345225
507945
167003
226562
191858
396143
407279
403580
576045
365170
178865
134825
215469
282946
552472
238255
488869
308764
134460
428718
277553
202782
445893
36903
358748
248839
70740
444294
168083
300990
139815
24159
136670
522233
549194
73333
429985
518288
497736
527257
326113
57550
438497
465476
353658
484467
226455
45226
335922
444160
391561
4700
177115
403087
516462
225251
7789
423193
321866
117555
308399
303431
126434
259041
22793
67881
186753
109119
293072
129041
469995
29320
203102
292206
507782
565198
211703
471335
458281
502979
478174
334083
289814
307999
57647
522256
274907
525391
167525
244254
465824
255797
88576
477579
537520
57646
167115
485142
193968
282145
307538
571105
192200
549810
362683
406034
47475
402527
177950
581496
256311
45425
244762
266847
487806
552184
35705
565248
529355
135266
580609
134841
343104
239515
27478
476950
121226
387518
439987
435029
497109
536855
421188
127044
8991
551194
551633
217938
86869
417720
409403
97450
449919
559768
465879
161242
330955
300773
265933
380139
249086
312010
431988
443094
377339
200024
387079
292844
511463
49460
1011
331334
22051
218811
252813
340804
559908
362301
454864
80937
226747
143125
545253
91336
217991
54924
288123
278272
559107
152079
278966
34138
574731
204987
460039
385985
322710
120188
550512
489827
211458
127841
196453
318310
400456
519075
213742
278226
36658
64111
97743
125672
353754
476947
369362
67871
330650
226377
210104
557388
231795
578861
348636
471554
172543
376045
335524
214641
371395
407262
204777
221189
523025
240225
203306
280876
50863
174303
1424
228300
445014
163473
291557
347640
318032
419816
138905
524966
475037
282515
546959
549746
89285
435342
202067
313526
565211
442324
52341
282719
376456
141851
105228
333749
445308
329304
12938
228071
503051
73786
534694
576085
213260
531721
459320
356877
551464
313397
201305
359387
573549
248580
408292
2892
381032
274839
529944
315486
561491
61843
121952
241388
465610
551752
134351
125822
246494
375566
559525
320816
552956
236222
328374
21070
108850
418692
444958
393195
263613
118356
286483
408722
271388
218399
70800
239229
316578
499865
254658
442451
363028
190499
325602
463398
220505
571640
139917
223751
106180
247006
383390
376575
540439
249715
194968
533512
390749
525450
547348
443224
185598
461898
398744
142665
84313
256648
126531
31904
37001
66675
566448
275268
206304
495481
290449
351979
579386
11328
122001
318373
536419
572008
237202
463898
450864
381991
254199
293529
248034
370
312565
257187
210031
549519
369642
435347
436979
440400
532895
575964
472394
532577
20788
368
27365
268552
292596
461256
528807
410707
218389
5823
325126
339690
64439
276931
153543
103536
48163
428872
355304
202990
540428
381119
475613
171461
462492
139469
500568
511522
49933
273579
405435
354298
258975
403737
184889
496152
479314
284350
204643
277003
445990
563680
425078
320186
390366
184914
462037
137516
91257
20542
421315
19132
295154
525119
34930
468011
312033
481115
157793
315568
65616
248910
402381
511333
43960
37193
348887
2007
203794
155861
23812
232894
86848
451119
492129
578918
93034
437374
319579
414047
30960
316555
324823
169600
263084
304221
521101
18683
335133
210542
540864
77236
80369
222369
238449
536055
105011
328728
25548
1488
311964
423479
49662
540681
329738
242981
413012
290652
127313
84147
274753
349418
372430
334686
443579
34167
105800
389150
10787
22048
308095
98298
96746
125550
66190
168349
225124
206198
283534
561015
20598
104504
233223
341437
530284
253883
105518
340971
426523
443296
340228
579145
96615
123473
248952
200896
366329
526552
408800
292585
539754
120155
178430
123939
340007
421623
44724
32715
469851
468826
164013
166093
119023
290899
77873
517822
285064
245528
109502
114945
377701
89154
211955
350670
453738
189765
159854
354948
332571
225916
143215
278359
417742
159482
72002
372479
162578
496902
222283
417195
477655
468588
298483
271639
182969
501982
201862
152922
104021
372829
95875
575230
439774
164493
569553
412879
380330
240944
186856
200837
448663
157491
110052
71737
552346
61803
170512
295896
13719
101450
572879
386752
100034
548209
457907
39152
20459
22403
99265
498082
454692
